0 0 16 0 0 0 16 74 68 73 68 0 1 1 1 0 0 0


Received first
0
0
16
0
0
0
16
74
68
73
68
0
1
1
1
0
0
0
0
0
0
0
18
0
66
0
8
8
9
10
9
8
8
10
10
10
8
9
8
8
18
16
20
18
17
17
18
37
18
16
20
16
40
36
40
41
42
36
42
41
32
36
69
34
32
34
65
36
41
42
32
82
33
65
68
74
73
72
73
40
34
85
82
84
74
82
69
72
73
74
0
18
0
66
1
9
8
8
18
16
End char: 
0
End char: 
84
End char: 
18
End char: 
68
count: 
4099







Received first
0
0
16
0
0
0
16
74
68
73
68
0
1
1
1
0
0
0
0
0
0
0
18
0
66
0
8
8
9
10
9
8
8
10
10
10
8
9
8
8
18
16
20
18
17
17
18
37
18
16
20
16
40
36
40
41
42
36
42
41
32
36
69
34
32
34
65
36
41
42
32
82
33
65
68
74
73
72
73
40
34
85
82
84
74
82
69
72
73
74
0
18
0
66
1
9
8
8
18
16
End char: 
0
End char: 
18
End char: 
74
End char: 
68
count: 
5123


Success:


Received first
0
255
216
ACK IMG
255
224
0
16
74
70
73
70
0
1
1
1
0
0
0
0
0
0
255
219
0
67
0
12
8
9
11
9
8
12
11
10
11
14
13
12
14
18
30
20
18
17
17
18
37
26
28
22
30
44
38
46
45
43
38
42
41
48
54
69
59
48
51
65
52
41
42
60
82
61
65
71
74
77
78
77
47
58
85
91
84
75
90
69
76
77
74
255
219
0
67
1
13
14
14
18
16
Breaking the while
count: 
3953
